trate
0.238
0.238
0.236
0.25
0.254
0.26
0.285
0.281
0.241
0.288
0.287
0.292
0.294
0.273
0.271
0.282
0.267
0.273
0.293
0.285
0.296
0.281
0.326
0.321
0.315
0.319
0.313
0.313
0.319
0.313
0.33
0.319
0.315
0.355
0.37
0.371
0.364
0.381
0.372
0.368
0.374
0.389
0.415
0.389
0.343
0.377
0.368
0.364
0.338
0.283
0.271
0.3
0.309
0.317
0.343
0.347
0.355
0.36
0.398
0.385
0.389
0.444
0.453
0.444
0.432
0.406
0.432
0.461
0.398
0.5
0.487
0.47
0.432
0.508
0.478
0.508
0.593
0.55
0.593
0.542
0.54
0.54
0.631
0.534
0.546
0.542
0.546
0.495
0.5
0.508
0.483
0.444
0.377
0.355
0.338
0.264
0.283
0.305
0.338
0.406
